1885 , 1626384264.527558 , 1626384263.7671018 
1885 , 1626384265.529003 , 1626384265.5318484 
1885 , 1626384266.5304074 , 1626384266.533969 
1885 , 1626384267.531746 , 1626384267.5375206 
1885 , 1626384268.5340598 , 1626384268.5612233 
1885 , 1626384269.5389435 , 1626384269.5663614 
1885 , 1626384270.5459652 , 1626384270.573064 
1885 , 1626384271.5496125 , 1626384271.577594 
1885 , 1626384272.5534613 , 1626384272.5837853 
1885 , 1626384273.5564797 , 1626384273.5899687 
1885 , 1626384274.5633507 , 1626384274.595511 
1885 , 1626384275.5652864 , 1626384275.6073453 
1885 , 1626384276.5668702 , 1626384276.6110888 
1885 , 1626384277.5717986 , 1626384277.6213596 
1885 , 1626384278.5746481 , 1626384278.624809 
1885 , 1626384279.5811832 , 1626384279.6356323 
6301 , 1626384487.886559 , 1626384487.4352317 
6301 , 1626384488.8878062 , 1626384488.8897579 
6301 , 1626384489.8891397 , 1626384489.8926904 
6301 , 1626384490.8907766 , 1626384490.8967626 
6301 , 1626384491.8964365 , 1626384491.9051166 
6301 , 1626384501.91342 , 1626384492.9112604 
6301 , 1626384502.914954 , 1626384502.9183083 
6301 , 1626384503.9162703 , 1626384503.9211667 
6301 , 1626384504.917621 , 1626384504.9255195 
6301 , 1626384505.9189289 , 1626384505.9357805 
6301 , 1626384506.921107 , 1626384506.951214 
6301 , 1626384507.9232588 , 1626384507.9626245 
6301 , 1626384508.9285407 , 1626384508.970315 
6301 , 1626384509.9299545 , 1626384509.9839704 
6301 , 1626384510.9303544 , 1626384510.9884546 
6301 , 1626384511.9316542 , 1626384511.9954214 
6301 , 1626384512.932162 , 1626384513.0000255 
6301 , 1626384513.9336987 , 1626384514.0055714 
6301 , 1626384514.9343355 , 1626384515.0094025 
6301 , 1626384515.935899 , 1626384516.0274851 
6301 , 1626384516.9372401 , 1626384517.0367475 
6301 , 1626384517.938333 , 1626384518.0413344 
8796 , 1626384736.3679411 , 1626384735.5192356 
8796 , 1626384737.3698196 , 1626384737.3720405 
8796 , 1626384738.3713956 , 1626384738.3745031 
8796 , 1626384739.3728428 , 1626384739.378329 
8796 , 1626384740.3743694 , 1626384740.384038 
8796 , 1626384741.376199 , 1626384741.3880587 
8796 , 1626384742.377989 , 1626384742.3922837 
8796 , 1626384743.3799922 , 1626384743.3980422 
8796 , 1626384744.3828712 , 1626384744.4007316 
8796 , 1626384745.3890767 , 1626384745.4093168 
8796 , 1626384746.390672 , 1626384746.4220154 
8796 , 1626384747.3923068 , 1626384747.4296129 
8796 , 1626384759.4204748 , 1626384748.4340906 
8796 , 1626384760.4225411 , 1626384760.4283862 
8796 , 1626384761.4243257 , 1626384761.4318888 
8796 , 1626384762.4252713 , 1626384762.4358373 
8796 , 1626384763.4268415 , 1626384763.4435182 
8796 , 1626384764.4288 , 1626384764.4590259 
8796 , 1626384765.430219 , 1626384765.4716918 
8796 , 1626384766.4315207 , 1626384766.4798312 
8796 , 1626384767.433652 , 1626384767.4948826 
8796 , 1626384768.4343255 , 1626384768.5106487 
8796 , 1626384769.4356546 , 1626384769.5250406 
8796 , 1626384770.4370155 , 1626384770.5292134 
8796 , 1626384771.438823 , 1626384771.5452063 
8796 , 1626384780.4606974 , 1626384772.5496526 
8796 , 1626384781.4628696 , 1626384781.465287 
8796 , 1626384782.465165 , 1626384782.4678166 
8796 , 1626384783.466349 , 1626384783.4704568 
8796 , 1626384784.4676812 , 1626384784.474472 
8796 , 1626384785.4689496 , 1626384785.482679 
8796 , 1626384786.470234 , 1626384786.4874134 
8796 , 1626384787.472746 , 1626384787.4984093 
8796 , 1626384788.4745278 , 1626384788.5055614 
8796 , 1626384789.4770377 , 1626384789.5108917 
8796 , 1626384790.4778965 , 1626384790.5226784 
8796 , 1626384791.4793582 , 1626384791.5292614 
8796 , 1626384792.4806736 , 1626384792.54189 
8796 , 1626384793.4812856 , 1626384793.5461745 
8796 , 1626384794.4824724 , 1626384794.5511525 
8796 , 1626384795.4839876 , 1626384795.5543883 
8796 , 1626384796.4854937 , 1626384796.565389 
8796 , 1626384797.4864 , 1626384797.5710297 
8796 , 1626384798.4876783 , 1626384798.5783336 
8796 , 1626384799.489007 , 1626384799.581471 
8796 , 1626384800.4903255 , 1626384800.5852373 
8796 , 1626384801.4915435 , 1626384801.5971255 
8796 , 1626384802.4927564 , 1626384802.6015856 
8796 , 1626384803.4946053 , 1626384803.610491 
8796 , 1626384804.494919 , 1626384804.6140485 
8796 , 1626384805.4967606 , 1626384805.6171968 
8796 , 1626384806.4983976 , 1626384806.6215074 
8796 , 1626384807.501199 , 1626384807.6249697 
8796 , 1626384808.5032818 , 1626384808.6279976 
8796 , 1626384809.5053256 , 1626384809.6358767 
8796 , 1626384810.5066268 , 1626384810.6408825 
8796 , 1626384811.5081894 , 1626384811.6463058 
8796 , 1626384812.508905 , 1626384812.65078 
8796 , 1626384813.5093203 , 1626384813.6538522 
8796 , 1626384814.51043 , 1626384814.6623309 
8796 , 1626384815.5117168 , 1626384815.6656044 
8796 , 1626384816.5133338 , 1626384816.6689973 
8796 , 1626384817.5175893 , 1626384817.6731126 
8796 , 1626384818.518462 , 1626384818.6762064 
8796 , 1626384819.5196536 , 1626384819.6809688 
8796 , 1626384820.5209587 , 1626384820.683967 
8796 , 1626384821.5225954 , 1626384821.7004142 
8796 , 1626384822.5241559 , 1626384822.7044177 
7667 , 1626385275.499532 , 1626385274.7524521 
7667 , 1626385276.50089 , 1626385276.5043645 
7667 , 1626385277.5025566 , 1626385277.5121703 
7667 , 1626385278.50664 , 1626385277.513618 
7667 , 1626385278.50664 , 1626385278.5147297 
7667 , 1626385279.5075192 , 1626385279.511337 
7667 , 1626385279.5075192 , 1626385279.5199337 
7667 , 1626385280.5085459 , 1626385280.5150073 
7667 , 1626385280.5085459 , 1626385280.5347345 
7667 , 1626385281.5103965 , 1626385281.5179315 
7667 , 1626385281.5103965 , 1626385281.5417707 
7667 , 1626385282.512313 , 1626385282.5218515 
7667 , 1626385282.512313 , 1626385282.5521555 
7667 , 1626385283.5144894 , 1626385283.5254824 
7667 , 1626385283.5144894 , 1626385283.5597146 
7667 , 1626385284.516022 , 1626385284.5407646 
7667 , 1626385284.516022 , 1626385284.5691166 
7667 , 1626385285.5176 , 1626385285.5442646 
7667 , 1626385285.5176 , 1626385285.574907 
7667 , 1626385286.5184877 , 1626385286.5492225 
7667 , 1626385286.5184877 , 1626385286.585991 
7667 , 1626385287.5199108 , 1626385287.5586872 
7667 , 1626385287.5199108 , 1626385287.589389 
7667 , 1626385288.521779 , 1626385288.5623882 
7667 , 1626385288.521779 , 1626385288.595557 
7667 , 1626385289.526357 , 1626385289.572293 
7667 , 1626385289.526357 , 1626385289.5986722 
7667 , 1626385290.5278604 , 1626385290.5787153 
7667 , 1626385290.5278604 , 1626385290.608413 
7667 , 1626385291.532311 , 1626385291.594219 
7667 , 1626385291.532311 , 1626385291.6198313 
7667 , 1626385292.533713 , 1626385292.5980906 
7667 , 1626385292.533713 , 1626385292.623963 
7667 , 1626385293.5350358 , 1626385293.6036134 
7667 , 1626385293.5350358 , 1626385293.6268837 
7667 , 1626385294.536926 , 1626385294.6138425 
7667 , 1626385294.536926 , 1626385294.629162 
7667 , 1626385295.5384352 , 1626385295.6183083 
7667 , 1626385295.5384352 , 1626385295.6337035 
7667 , 1626385296.5398815 , 1626385296.6216779 
7667 , 1626385296.5398815 , 1626385296.639755 
7667 , 1626385297.5416262 , 1626385297.6254563 
7667 , 1626385297.5416262 , 1626385297.6494892 
7667 , 1626385298.5434008 , 1626385298.6294339 
7667 , 1626385298.5434008 , 1626385298.65636 
7667 , 1626385299.5453928 , 1626385299.6330736 
7667 , 1626385299.5453928 , 1626385299.6627183 
7667 , 1626385300.5478866 , 1626385300.637247 
7667 , 1626385300.5478866 , 1626385300.666895 
7667 , 1626385301.5495424 , 1626385301.6406336 
7667 , 1626385301.5495424 , 1626385301.6706789 
7667 , 1626385302.5511944 , 1626385302.6453204 
7667 , 1626385302.5511944 , 1626385302.6772327 
7667 , 1626385303.55335 , 1626385303.6508164 
7667 , 1626385303.55335 , 1626385303.684073 
7667 , 1626385304.5549347 , 1626385304.6556876 
7667 , 1626385304.5549347 , 1626385304.687941 
7667 , 1626385305.5565383 , 1626385305.6605911 
7667 , 1626385305.5565383 , 1626385305.6952088 
7667 , 1626385306.5585554 , 1626385306.6639569 
7667 , 1626385306.5585554 , 1626385306.7007234 
7667 , 1626385307.564874 , 1626385307.6677938 
7667 , 1626385307.564874 , 1626385307.7081165 
7667 , 1626385308.5762105 , 1626385308.6716857 
7667 , 1626385308.5762105 , 1626385308.7221732 
7667 , 1626385309.577791 , 1626385309.6746519 
7667 , 1626385309.577791 , 1626385309.7257924 
7667 , 1626385310.5796487 , 1626385310.6782537 
7667 , 1626385310.5796487 , 1626385310.7282875 
7667 , 1626385311.5822358 , 1626385311.6824825 
7667 , 1626385311.5822358 , 1626385311.7378387 
7667 , 1626385312.5863576 , 1626385312.6882336 
7667 , 1626385312.5863576 , 1626385312.7396564 
7667 , 1626385313.5878007 , 1626385313.6907175 
7667 , 1626385313.5878007 , 1626385313.745365 
7667 , 1626385314.590241 , 1626385314.695625 
7667 , 1626385314.590241 , 1626385314.7519135 
7667 , 1626385315.5920665 , 1626385315.6989565 
7667 , 1626385315.5920665 , 1626385315.756625 
7667 , 1626385316.5934422 , 1626385316.7074645 
7667 , 1626385316.5934422 , 1626385316.7643373 
7667 , 1626385317.595791 , 1626385317.7168365 
7667 , 1626385317.595791 , 1626385317.7734778 
7667 , 1626385318.5975454 , 1626385318.7231874 
7667 , 1626385318.5975454 , 1626385318.781398 
7667 , 1626385319.599905 , 1626385319.729578 
7667 , 1626385319.599905 , 1626385319.7850866 
7667 , 1626385320.6037102 , 1626385320.7335386 
7667 , 1626385320.6037102 , 1626385320.8009608 
7667 , 1626385321.6055546 , 1626385321.7371523 
7667 , 1626385321.6055546 , 1626385321.8082247 
7667 , 1626385322.6071105 , 1626385322.7420566 
7667 , 1626385322.6071105 , 1626385322.8114967 
7667 , 1626385323.6089554 , 1626385323.7464657 
7667 , 1626385323.6089554 , 1626385323.8154902 
7667 , 1626385324.6117609 , 1626385324.7505343 
7667 , 1626385324.6117609 , 1626385324.8249402 
7667 , 1626385325.613289 , 1626385325.7533345 
7667 , 1626385325.613289 , 1626385325.8271875 
7667 , 1626385326.6147466 , 1626385326.7575946 
7667 , 1626385326.6147466 , 1626385326.8357487 
7667 , 1626385327.617099 , 1626385327.7625124 
7667 , 1626385327.617099 , 1626385327.8395126 
7667 , 1626385328.6201234 , 1626385328.7675815 
7667 , 1626385328.6201234 , 1626385328.8416798 
7667 , 1626385329.628388 , 1626385329.7725909 
7667 , 1626385329.628388 , 1626385329.845273 
7667 , 1626385330.629895 , 1626385330.774562 
7667 , 1626385330.629895 , 1626385330.8494184 
7667 , 1626385331.6316261 , 1626385331.780981 
7667 , 1626385331.6316261 , 1626385331.852242 
7667 , 1626385332.6379511 , 1626385332.7855535 
7667 , 1626385332.6379511 , 1626385332.856007 
7667 , 1626385333.639572 , 1626385333.7891104 
7667 , 1626385333.639572 , 1626385333.8588772 
7667 , 1626385334.6416113 , 1626385334.7955766 
7667 , 1626385334.6416113 , 1626385334.8623376 
7667 , 1626385335.6432972 , 1626385335.799716 
7667 , 1626385335.6432972 , 1626385335.8684425 
7667 , 1626385336.6449673 , 1626385336.802279 
7667 , 1626385336.6449673 , 1626385336.8721244 
7667 , 1626385337.653169 , 1626385337.8066204 
7667 , 1626385337.653169 , 1626385337.8852487 
7667 , 1626385338.6576703 , 1626385338.8105774 
7667 , 1626385338.6576703 , 1626385338.8934379 
7667 , 1626385339.6586895 , 1626385339.8135788 
7667 , 1626385339.6586895 , 1626385339.894946 
7667 , 1626385340.6602464 , 1626385340.8167117 
7667 , 1626385340.6602464 , 1626385340.897357 
7667 , 1626385341.6623456 , 1626385341.819205 
7667 , 1626385341.6623456 , 1626385341.899278 
7667 , 1626385342.6643445 , 1626385342.8246777 
7667 , 1626385342.6643445 , 1626385342.9024413 
7667 , 1626385343.6668103 , 1626385343.829797 
7667 , 1626385343.6668103 , 1626385343.9061072 
7667 , 1626385344.6684496 , 1626385344.8342917 
7667 , 1626385344.6684496 , 1626385344.909584 
7667 , 1626385345.6699789 , 1626385345.837144 
7667 , 1626385345.6699789 , 1626385345.9185119 
7667 , 1626385346.672386 , 1626385346.8403609 
7667 , 1626385346.672386 , 1626385346.9233124 
6550 , 1626385452.2960308 , 1626385451.42201 
6550 , 1626385453.2973747 , 1626385453.299809 
6550 , 1626385454.29837 , 1626385454.0656407 
6550 , 1626385454.29837 , 1626385454.3035262 
6550 , 1626385455.3004947 , 1626385455.3063717 
6550 , 1626385455.3004947 , 1626385455.3022082 
6550 , 1626385456.3022337 , 1626385456.3091946 
6550 , 1626385456.3022337 , 1626385456.3089726 
6550 , 1626385457.3039494 , 1626385457.3130064 
6550 , 1626385457.3039494 , 1626385457.312859 
6550 , 1626385458.3056586 , 1626385458.3151598 
6550 , 1626385458.3056586 , 1626385458.3176966 
6550 , 1626385459.3066628 , 1626385459.318382 
6550 , 1626385459.3066628 , 1626385459.3210788 
6550 , 1626385460.3091142 , 1626385460.3219852 
6550 , 1626385460.3091142 , 1626385460.3247385 
6550 , 1626385461.3121824 , 1626385461.3386679 
6550 , 1626385461.3121824 , 1626385461.340134 
6550 , 1626385462.3138542 , 1626385462.347842 
6550 , 1626385462.3138542 , 1626385462.3522058 
6550 , 1626385463.3167458 , 1626385463.3581445 
6550 , 1626385463.3167458 , 1626385463.3572357 
6550 , 1626385464.3184645 , 1626385464.3627684 
6550 , 1626385464.3184645 , 1626385464.3633945 
6550 , 1626385465.3215287 , 1626385465.3732135 
6550 , 1626385465.3215287 , 1626385465.3769162 
6550 , 1626385466.3231606 , 1626385466.3812373 
6550 , 1626385466.3231606 , 1626385466.3783665 
6550 , 1626385467.325133 , 1626385467.3875883 
6550 , 1626385467.325133 , 1626385467.3955617 
6550 , 1626385468.3275502 , 1626385468.3932095 
6550 , 1626385468.3275502 , 1626385468.3983424 
6550 , 1626385469.3292098 , 1626385469.396937 
6550 , 1626385469.3292098 , 1626385469.4015157 
6550 , 1626385470.3303235 , 1626385470.4041069 
6550 , 1626385470.3303235 , 1626385470.4063115 
6550 , 1626385471.3316948 , 1626385471.4101927 
6550 , 1626385471.3316948 , 1626385471.410085 
6550 , 1626385472.3328428 , 1626385472.41424 
6550 , 1626385472.3328428 , 1626385472.4144554 
6550 , 1626385473.334853 , 1626385473.4177423 
6550 , 1626385473.334853 , 1626385473.4180162 
6550 , 1626385474.3370144 , 1626385474.4218628 
6550 , 1626385474.3370144 , 1626385474.4231427 
6550 , 1626385475.3385923 , 1626385475.425643 
6550 , 1626385475.3385923 , 1626385475.426465 
6550 , 1626385476.340214 , 1626385476.4306505 
6550 , 1626385476.340214 , 1626385476.4307446 
6550 , 1626385477.341885 , 1626385477.435204 
6550 , 1626385477.341885 , 1626385477.4371712 
6550 , 1626385478.3439784 , 1626385478.4384859 
6550 , 1626385478.3439784 , 1626385478.4402158 
6550 , 1626385479.3455615 , 1626385479.4435694 
6550 , 1626385479.3455615 , 1626385479.443715 
6550 , 1626385480.346937 , 1626385480.4478338 
6550 , 1626385480.346937 , 1626385480.447586 
6550 , 1626385481.3486414 , 1626385481.451281 
6550 , 1626385481.3486414 , 1626385481.4509885 
6550 , 1626385482.3502493 , 1626385482.4535582 
6550 , 1626385482.3502493 , 1626385482.4576418 
6550 , 1626385483.3516502 , 1626385483.45741 
6550 , 1626385483.3516502 , 1626385483.460024 
6550 , 1626385484.3535104 , 1626385484.4625578 
6550 , 1626385484.3535104 , 1626385484.462722 
6550 , 1626385485.3557346 , 1626385485.465368 
6550 , 1626385485.3557346 , 1626385485.4651308 
6550 , 1626385486.3575816 , 1626385486.4720268 
6550 , 1626385486.3575816 , 1626385486.4749763 
6550 , 1626385487.3591652 , 1626385487.479088 
6550 , 1626385487.3591652 , 1626385487.480175 
6550 , 1626385488.3604102 , 1626385488.495005 
6550 , 1626385488.3604102 , 1626385488.4954796 
6550 , 1626385489.3620777 , 1626385489.5092113 
6550 , 1626385489.3620777 , 1626385489.5104456 
3250 , 1626385641.1199968 , 1626385640.969542 
2730 , 1626385641.3030443 , 1626385642.1309888 
3250 , 1626385642.1212711 , 1626385643.143876 
2730 , 1626385642.3049088 , 1626385644.15327 
3250 , 1626385643.1230567 , 1626385645.1620805 
2730 , 1626385643.30569 , 1626385646.1739109 
3250 , 1626385644.124278 , 1626385647.1863353 
2730 , 1626385644.3071017 , 1626385648.189556 
3250 , 1626385645.126618 , 1626385649.1940682 
2730 , 1626385645.3085577 , 1626385650.1976292 
3250 , 1626385646.1283967 , 1626385651.2056456 
2730 , 1626385646.309614 , 1626385652.211811 
3250 , 1626385647.1341755 , 1626385653.2143428 
2730 , 1626385647.3110797 , 1626385654.218349 
3250 , 1626385648.1358654 , 1626385655.2307496 
2730 , 1626385648.3127687 , 1626385656.23513 
3250 , 1626385649.1373248 , 1626385657.2415817 
2730 , 1626385649.314478 , 1626385658.245863 
3250 , 1626385650.1390233 , 1626385659.2510402 
869 , 1626385745.4208355 , 1626385744.7677596 
4218 , 1626385745.7273798 , 1626385746.4268272 
869 , 1626385746.422253 , 1626385747.4295697 
4218 , 1626385746.728753 , 1626385748.4332654 
869 , 1626385747.4244409 , 1626385749.435842 
4218 , 1626385747.7308424 , 1626385750.4386098 
869 , 1626385748.4257886 , 1626385751.4410658 
4218 , 1626385748.7361143 , 1626385752.442343 
869 , 1626385749.4280453 , 1626385753.454218 
4218 , 1626385749.7379842 , 1626385754.462689 
869 , 1626385750.429429 , 1626385755.4668045 
4218 , 1626385750.739689 , 1626385756.474539 
869 , 1626385751.4336731 , 1626385757.480503 
4218 , 1626385751.7423568 , 1626385758.4870114 
869 , 1626385752.4344943 , 1626385759.4911013 
4218 , 1626385752.7439232 , 1626385760.4950144 
869 , 1626385753.435991 , 1626385761.4976559 
4218 , 1626385753.7452507 , 1626385762.5099618 
869 , 1626385754.4374084 , 1626385763.5186906 
4218 , 1626385754.7466955 , 1626385764.525446 
869 , 1626385755.4396088 , 1626385765.5305333 
4218 , 1626385755.7479396 , 1626385766.5344129 
869 , 1626385756.4410255 , 1626385767.5439744 
4218 , 1626385756.7498622 , 1626385768.5464823 
869 , 1626385757.442427 , 1626385769.550687 
4218 , 1626385757.7517848 , 1626385770.5575943 
869 , 1626385758.4429684 , 1626385771.565894 
4218 , 1626385758.7535264 , 1626385772.5703373 
869 , 1626385759.4444609 , 1626385773.5744653 
4218 , 1626385759.7551112 , 1626385774.5772514 
869 , 1626385760.4470994 , 1626385775.5816107 
4218 , 1626385760.756981 , 1626385776.5871198 
869 , 1626385761.4485118 , 1626385777.5954173 
4218 , 1626385761.7589023 , 1626385778.601081 
869 , 1626385762.450508 , 1626385779.606316 
4218 , 1626385762.760542 , 1626385780.6116576 
869 , 1626385763.451922 , 1626385781.6148088 
4218 , 1626385763.762573 , 1626385782.619302 
869 , 1626385764.4531784 , 1626385783.6235077 
4218 , 1626385764.7640066 , 1626385784.627913 
869 , 1626385765.4551964 , 1626385785.6325705 
4218 , 1626385765.7651093 , 1626385786.6369836 
869 , 1626385766.4567168 , 1626385787.6424668 
4218 , 1626385766.7669814 , 1626385788.645762 
4218 , 1626385767.768569 , 1626385789.6506891 
4218 , 1626385768.770514 , 1626385790.6552997 
4218 , 1626385769.7724135 , 1626385791.658799 
4218 , 1626385770.7745054 , 1626385792.6652021 
4218 , 1626385771.776401 , 1626385793.670427 
4218 , 1626385772.7779741 , 1626385794.6734738 
4218 , 1626385773.7793045 , 1626385795.6814556 
4218 , 1626385774.7814918 , 1626385796.6839595 
4218 , 1626385775.7839293 , 1626385797.686473 
4218 , 1626385776.7853656 , 1626385798.6912813 
4218 , 1626385777.7869813 , 1626385799.6936514 
4218 , 1626385778.7884176 , 1626385800.6972291 
4218 , 1626385779.7912734 , 1626385801.701208 
4218 , 1626385780.7953546 , 1626385802.7090373 
4218 , 1626385781.7980855 , 1626385803.7155633 
4218 , 1626385782.802415 , 1626385804.7200062 
4218 , 1626385783.8044708 , 1626385805.7277274 
4218 , 1626385784.8080056 , 1626385806.7387965 
4218 , 1626385785.80957 , 1626385807.7422662 
4218 , 1626385786.811153 , 1626385808.7470863 
4218 , 1626385787.8131237 , 1626385809.7531466 
4218 , 1626385788.815655 , 1626385810.7672698 
4218 , 1626385789.8173666 , 1626385811.7762053 
4218 , 1626385790.818718 , 1626385812.7792218 
4218 , 1626385791.8208866 , 1626385813.7831898 
4218 , 1626385792.8227396 , 1626385814.7881994 
4218 , 1626385793.8242831 , 1626385815.792993 
4218 , 1626385794.8258395 , 1626385816.7964785 
4218 , 1626385795.8274226 , 1626385817.801081 
4218 , 1626385796.829015 , 1626385818.8058856 
4218 , 1626385797.8301244 , 1626385819.809808 
4218 , 1626385798.8314772 , 1626385820.8194993 
4218 , 1626385799.8324406 , 1626385821.8299918 
4218 , 1626385800.8338156 , 1626385822.8335657 
4218 , 1626385801.8352532 , 1626385823.8365228 
4218 , 1626385802.836271 , 1626385824.8425922 
4218 , 1626385803.838415 , 1626385825.8453164 
3039 , 1626386165.0790777 , 1626386164.2865298 
3039 , 1626386166.081881 , 1626386166.0833588 
3039 , 1626386167.088491 , 1626386167.0895784 
3039 , 1626386168.0899847 , 1626386168.0924537 
3039 , 1626386169.0907273 , 1626386169.0966723 
3039 , 1626386170.0925944 , 1626386170.1079917 
3039 , 1626386171.0961967 , 1626386171.1127338 
3039 , 1626386172.0978873 , 1626386172.1157167 
3039 , 1626386173.0994258 , 1626386173.1240256 
3039 , 1626386174.1009605 , 1626386174.1300101 
3039 , 1626386175.1024566 , 1626386175.1387012 
3039 , 1626386176.1039846 , 1626386176.1583834 
3039 , 1626386177.1052804 , 1626386177.161768 
3039 , 1626386178.1068034 , 1626386178.1664777 
3039 , 1626386179.1081722 , 1626386179.171017 
3039 , 1626386180.1095848 , 1626386180.1755345 
3039 , 1626386181.11083 , 1626386181.1823592 
3039 , 1626386182.1121614 , 1626386182.190292 
3039 , 1626386183.113562 , 1626386183.1938708 
3039 , 1626386184.11435 , 1626386184.198573 
9008 , 1626386184.7269456 , 1626386184.276678 
3039 , 1626386185.1161816 , 1626386185.2021055 
9008 , 1626386185.7291234 , 1626386185.7323544 
3039 , 1626386186.1186142 , 1626386186.207036 
9008 , 1626386186.7307737 , 1626386186.7355359 
3039 , 1626386187.1202416 , 1626386187.2134032 
9008 , 1626386187.734645 , 1626386187.7383523 
3039 , 1626386188.1207728 , 1626386188.2205355 
9008 , 1626386188.7361999 , 1626386188.7406182 
3039 , 1626386189.123044 , 1626386189.226873 
9008 , 1626386189.7374704 , 1626386189.7428327 
3039 , 1626386190.12453 , 1626386190.2298486 
9008 , 1626386190.7388034 , 1626386190.746896 
3039 , 1626386191.1257324 , 1626386191.2325625 
9008 , 1626386191.7407613 , 1626386191.7503312 
3039 , 1626386192.1276872 , 1626386192.234414 
9008 , 1626386192.7424664 , 1626386192.770543 
3039 , 1626386193.1290486 , 1626386193.2381198 
9008 , 1626386193.7440662 , 1626386193.776741 
3039 , 1626386194.1312027 , 1626386194.242413 
9008 , 1626386194.744723 , 1626386194.790506 
3039 , 1626386195.1326008 , 1626386195.2452605 
9008 , 1626386195.7460847 , 1626386195.7974968 
3039 , 1626386196.1347911 , 1626386196.2500536 
9008 , 1626386196.748132 , 1626386196.8016338 
3039 , 1626386197.1364777 , 1626386197.2534575 
9008 , 1626386197.7509139 , 1626386197.804004 
3039 , 1626386198.1380005 , 1626386198.256749 
9008 , 1626386198.7524548 , 1626386198.8067179 
3039 , 1626386199.1401868 , 1626386199.264143 
9008 , 1626386199.754055 , 1626386199.814748 
9008 , 1626386209.7649522 , 1626386200.8203392 
3039 , 1626386210.1571643 , 1626386200.2725453 
9008 , 1626386210.7661848 , 1626386210.7743049 
3039 , 1626386211.158596 , 1626386211.160419 
9008 , 1626386211.7669709 , 1626386211.7874224 
3039 , 1626386212.1597903 , 1626386212.163442 
9008 , 1626386212.7686431 , 1626386212.7892525 
3039 , 1626386213.1611638 , 1626386213.1664703 
9008 , 1626386213.7702727 , 1626386213.7927067 
3039 , 1626386214.1636672 , 1626386214.169065 
9008 , 1626386214.7719948 , 1626386214.7948308 
3039 , 1626386215.1652043 , 1626386215.1721992 
9008 , 1626386215.7735934 , 1626386215.799636 
3039 , 1626386216.1670325 , 1626386216.1743288 
9008 , 1626386216.776689 , 1626386216.8124676 
3039 , 1626386217.169081 , 1626386217.17782 
9008 , 1626386217.7783167 , 1626386217.822974 
3039 , 1626386218.170396 , 1626386218.1824636 
9008 , 1626386218.7803285 , 1626386218.8320775 
3039 , 1626386219.1717668 , 1626386219.186133 
9008 , 1626386219.7817137 , 1626386219.848445 
3039 , 1626386220.1733057 , 1626386220.1896355 
9008 , 1626386220.7890458 , 1626386220.8616107 
3039 , 1626386221.1744375 , 1626386221.1936607 
9008 , 1626386221.7900739 , 1626386221.8717973 
3039 , 1626386222.1763482 , 1626386222.197446 
9008 , 1626386222.790615 , 1626386222.877378 
3039 , 1626386223.177681 , 1626386223.2023325 
9008 , 1626386223.7919037 , 1626386223.88633 
3039 , 1626386224.1783683 , 1626386224.2052073 
9008 , 1626386224.7931268 , 1626386224.8905058 
3039 , 1626386225.1796157 , 1626386225.210849 
9008 , 1626386225.7946339 , 1626386225.8942485 
3039 , 1626386226.180993 , 1626386226.2206287 
9008 , 1626386226.7958968 , 1626386226.8994017 
3039 , 1626386227.182435 , 1626386227.2279274 
9008 , 1626386227.7972476 , 1626386227.9050062 
3039 , 1626386228.1838136 , 1626386228.23532 
9008 , 1626386228.8001864 , 1626386228.9112048 
3039 , 1626386229.1861165 , 1626386229.252376 
9008 , 1626386229.8063405 , 1626386229.9178607 
3039 , 1626386230.20413 , 1626386230.269145 
9008 , 1626386230.835442 , 1626386230.92055 
3039 , 1626386231.2082381 , 1626386231.2762887 
9008 , 1626386231.836681 , 1626386231.9231129 
3039 , 1626386232.2102258 , 1626386232.2785125 
9008 , 1626386232.8380322 , 1626386232.925807 
3039 , 1626386233.2114148 , 1626386233.2907681 
9008 , 1626386233.8383389 , 1626386233.931819 
3039 , 1626386234.2128317 , 1626386234.294091 
9008 , 1626386234.8398135 , 1626386234.9383712 
3039 , 1626386235.2180574 , 1626386235.2985764 
9008 , 1626386235.8417852 , 1626386235.9414854 
3039 , 1626386236.2183661 , 1626386236.3018122 
9008 , 1626386236.842944 , 1626386236.9567368 
3039 , 1626386237.2185764 , 1626386237.3054569 
9008 , 1626386237.8444607 , 1626386237.9600086 
3039 , 1626386238.2198048 , 1626386238.30901 
9008 , 1626386238.845526 , 1626386238.9639897 
3039 , 1626386239.2212155 , 1626386239.312061 
9008 , 1626386239.8463948 , 1626386239.9683902 
3039 , 1626386240.2223644 , 1626386240.315031 
9008 , 1626386240.8477051 , 1626386240.971177 
3039 , 1626386241.223559 , 1626386241.319818 
9008 , 1626386241.8489895 , 1626386241.9741728 
3039 , 1626386242.225316 , 1626386242.3232038 
9008 , 1626386242.8502302 , 1626386242.98806 
3039 , 1626386243.2263196 , 1626386243.3253524 
9008 , 1626386243.8515878 , 1626386243.998375 
3039 , 1626386244.2274408 , 1626386244.3289268 
9008 , 1626386244.8535044 , 1626386245.0018609 
3039 , 1626386245.229112 , 1626386245.3441465 
9008 , 1626386245.8544693 , 1626386246.0103447 
3039 , 1626386246.2340715 , 1626386246.3478432 
7571 , 1626386752.5251713 , 1626386751.4305544 
7571 , 1626386753.5266283 , 1626386753.0998154 
3206 , 1626386752.2496164 , 1626386753.530409 
3206 , 1626386753.2513669 , 1626386754.5339482 
7571 , 1626386753.5266283 , 1626386754.534498 
3206 , 1626386753.2513669 , 1626386755.5389779 
7571 , 1626386754.5289078 , 1626386755.5388849 
7571 , 1626386754.5289078 , 1626386756.5435133 
3206 , 1626386754.2530327 , 1626386756.5458379 
7571 , 1626386755.5310621 , 1626386757.5497606 
3206 , 1626386754.2530327 , 1626386757.5457358 
3206 , 1626386755.2547057 , 1626386758.556211 
7571 , 1626386755.5310621 , 1626386758.5599334 
7571 , 1626386756.5338235 , 1626386759.558745 
3206 , 1626386755.2547057 , 1626386759.562369 
3206 , 1626386756.2595484 , 1626386760.5612788 
7571 , 1626386756.5338235 , 1626386760.5647907 
3206 , 1626386756.2595484 , 1626386761.5681436 
7571 , 1626386757.5354474 , 1626386761.568526 
7571 , 1626386757.5354474 , 1626386762.5747964 
3206 , 1626386757.2613015 , 1626386762.5782487 
3206 , 1626386757.2613015 , 1626386763.578556 
7571 , 1626386758.5459075 , 1626386763.5864644 
7571 , 1626386758.5459075 , 1626386764.5864048 
3206 , 1626386758.2644236 , 1626386764.5936754 
3206 , 1626386758.2644236 , 1626386765.5899286 
7571 , 1626386759.5473418 , 1626386765.5987475 
7571 , 1626386759.5473418 , 1626386766.592478 
3206 , 1626386759.2660897 , 1626386766.6038775 
3206 , 1626386759.2660897 , 1626386767.5977414 
7571 , 1626386760.5490122 , 1626386767.6111052 
7571 , 1626386760.5490122 , 1626386768.6046138 
3206 , 1626386760.267998 , 1626386768.6145093 
3206 , 1626386760.267998 , 1626386769.6133573 
7571 , 1626386761.5512202 , 1626386769.6214008 
7571 , 1626386761.5512202 , 1626386770.6186025 
3206 , 1626386761.2752776 , 1626386770.6349185 
6358 , 1626386771.4709523 , 1626386770.8205287 
3206 , 1626386761.2752776 , 1626386771.621899 
7571 , 1626386762.5559828 , 1626386771.6380477 
6358 , 1626386772.472299 , 1626386772.4745276 
7571 , 1626386762.5559828 , 1626386772.6301506 
3206 , 1626386762.277093 , 1626386772.648941 
6358 , 1626386773.4736671 , 1626386773.4781804 
3206 , 1626386762.277093 , 1626386773.6334722 
7571 , 1626386763.558568 , 1626386773.6514807 
6358 , 1626386774.474077 , 1626386774.4822118 
7571 , 1626386763.558568 , 1626386774.6370738 
3206 , 1626386763.2785506 , 1626386774.65425 
6358 , 1626386775.475463 , 1626386775.48473 
3206 , 1626386763.2785506 , 1626386775.6419218 
7571 , 1626386764.5634801 , 1626386775.666078 
6358 , 1626386776.4767244 , 1626386776.4882905 
7571 , 1626386764.5634801 , 1626386776.6458569 
3206 , 1626386764.2818599 , 1626386776.6716766 
6358 , 1626386777.4787004 , 1626386777.5038748 
3206 , 1626386764.2818599 , 1626386777.6513515 
7571 , 1626386765.5728745 , 1626386777.678829 
6358 , 1626386778.4810197 , 1626386778.5130916 
7571 , 1626386765.5728745 , 1626386778.655651 
3206 , 1626386765.2834418 , 1626386778.682668 
6358 , 1626386779.4822319 , 1626386779.5171936 
3206 , 1626386765.2834418 , 1626386779.6577725 
7571 , 1626386766.5744133 , 1626386779.6850119 
6358 , 1626386780.4835842 , 1626386780.522219 
7571 , 1626386766.5744133 , 1626386780.6615255 
3206 , 1626386766.2852752 , 1626386780.691586 
6358 , 1626386781.485654 , 1626386781.53359 
3206 , 1626386766.2852752 , 1626386781.670157 
7571 , 1626386767.5761397 , 1626386781.697086 
6358 , 1626386782.4873044 , 1626386782.540841 
7571 , 1626386767.5761397 , 1626386782.673428 
3206 , 1626386767.287442 , 1626386782.70266 
6358 , 1626386783.4894702 , 1626386783.5579443 
3206 , 1626386767.287442 , 1626386783.678933 
7571 , 1626386768.576915 , 1626386783.7157338 
6358 , 1626386784.490952 , 1626386784.5614612 
7571 , 1626386768.576915 , 1626386784.6854775 
3206 , 1626386768.2890637 , 1626386784.7189074 
6358 , 1626386785.4923182 , 1626386785.5649414 
3206 , 1626386768.2890637 , 1626386785.6897504 
6358 , 1626386786.4938989 , 1626386786.5737085 
7571 , 1626386769.5782666 , 1626386786.7016432 
6358 , 1626386787.4952996 , 1626386787.5776734 
3206 , 1626386769.2900107 , 1626386787.7046256 
6358 , 1626386788.4987426 , 1626386788.5848742 
7571 , 1626386770.5795972 , 1626386788.710776 
6358 , 1626386789.5005162 , 1626386789.5900679 
3206 , 1626386770.2917488 , 1626386789.7145889 
6358 , 1626386790.502104 , 1626386790.593291 
7571 , 1626386771.5807986 , 1626386790.7184234 
6358 , 1626386791.5027726 , 1626386791.5980058 
3206 , 1626386771.2935781 , 1626386791.725568 
6358 , 1626386792.5044925 , 1626386792.6006038 
7571 , 1626386772.5818665 , 1626386792.7324445 
6358 , 1626386793.5060444 , 1626386793.605832 
3206 , 1626386772.2950032 , 1626386793.7361145 
6358 , 1626386794.507724 , 1626386794.6128454 
7571 , 1626386773.5838423 , 1626386794.7385864 
6358 , 1626386795.5084517 , 1626386795.6207454 
3206 , 1626386773.296795 , 1626386795.7423978 
6358 , 1626386796.5096478 , 1626386796.6223984 
7571 , 1626386774.5856113 , 1626386796.7521193 
6358 , 1626386797.511011 , 1626386797.6335688 
3206 , 1626386774.2972748 , 1626386797.7647452 
6358 , 1626386798.512873 , 1626386798.637022 
7571 , 1626386775.5878258 , 1626386798.776538 
6358 , 1626386799.5145507 , 1626386799.6448517 
3206 , 1626386775.3018615 , 1626386799.7840548 
6358 , 1626386800.518604 , 1626386800.6694758 
7571 , 1626386776.5893435 , 1626386800.8005111 
6358 , 1626386801.5194895 , 1626386801.672722 
3206 , 1626386776.3131814 , 1626386801.8020682 
6358 , 1626386802.5248675 , 1626386802.6798873 
7571 , 1626386777.591041 , 1626386802.8064067 
6358 , 1626386803.5263226 , 1626386803.6865335 
3206 , 1626386777.3154178 , 1626386803.812697 
6358 , 1626386804.5279863 , 1626386804.6910725 
7571 , 1626386778.5935943 , 1626386804.818328 
6358 , 1626386805.529582 , 1626386805.7071235 
3206 , 1626386778.319139 , 1626386805.8283188 
6358 , 1626386806.530994 , 1626386806.7129047 
7571 , 1626386779.5960138 , 1626386806.8324223 
6358 , 1626386807.5358133 , 1626386807.7167888 
3206 , 1626386779.320712 , 1626386807.8380284 
6358 , 1626386808.5376647 , 1626386808.7216554 
7571 , 1626386780.5979025 , 1626386808.8480005 
6358 , 1626386809.538724 , 1626386809.7263503 
3206 , 1626386780.3231037 , 1626386809.8520494 
6358 , 1626386810.5401247 , 1626386810.733259 
7571 , 1626386781.6001074 , 1626386810.8541582 
6358 , 1626386811.5421538 , 1626386811.7383711 
3206 , 1626386781.3248608 , 1626386811.862453 
6358 , 1626386812.5446155 , 1626386812.749772 
7571 , 1626386782.6059177 , 1626386812.8655283 
6358 , 1626386813.557203 , 1626386813.7588253 
3206 , 1626386782.3258748 , 1626386813.869445 
6358 , 1626386814.5636747 , 1626386814.7608705 
7571 , 1626386783.6107721 , 1626386814.874442 
6358 , 1626386815.565886 , 1626386815.7658472 
3206 , 1626386783.3312352 , 1626386815.8797572 
6358 , 1626386816.5664864 , 1626386816.7691877 
7571 , 1626386784.6152663 , 1626386816.884314 
6358 , 1626386817.56875 , 1626386817.7739818 
3206 , 1626386784.3333228 , 1626386817.8880596 
6358 , 1626386818.5703847 , 1626386818.7784748 
7571 , 1626386785.6168215 , 1626386818.8937678 
6358 , 1626386819.5720046 , 1626386819.7833588 
3206 , 1626386785.34108 , 1626386819.899534 
6358 , 1626386820.573459 , 1626386820.787882 
7571 , 1626386786.6182377 , 1626386820.9046292 
6358 , 1626386821.5747862 , 1626386821.791847 
3206 , 1626386786.3439448 , 1626386821.908837 
6358 , 1626386822.5766027 , 1626386822.7980995 
7571 , 1626386787.6207588 , 1626386822.9126306 
6358 , 1626386823.5781846 , 1626386823.8023863 
3206 , 1626386787.3459349 , 1626386823.9148333 
6358 , 1626386824.5796454 , 1626386824.8050492 
7571 , 1626386788.6265264 , 1626386824.918339 
6358 , 1626386825.581272 , 1626386825.8085518 
3206 , 1626386788.3476248 , 1626386825.9238133 
6358 , 1626386826.5832667 , 1626386826.812432 
7571 , 1626386789.6304505 , 1626386826.9291217 
6358 , 1626386827.585297 , 1626386827.8203495 
3206 , 1626386789.349672 , 1626386827.932516 
6358 , 1626386828.5945346 , 1626386828.82483 
7571 , 1626386790.632459 , 1626386828.9345434 
6358 , 1626386829.5957952 , 1626386829.8299234 
3206 , 1626386790.3509212 , 1626386829.9438906 
6358 , 1626386830.5973115 , 1626386830.8335836 
7571 , 1626386791.6342132 , 1626386830.9461005 
6358 , 1626386831.5986378 , 1626386831.8371646 
3206 , 1626386791.3526442 , 1626386831.9483743 
6358 , 1626386832.60017 , 1626386832.841401 
7571 , 1626386792.6360981 , 1626386832.9503572 
6358 , 1626386833.601181 , 1626386833.8480253 
3206 , 1626386792.3544638 , 1626386833.9549284 
6358 , 1626386834.6024814 , 1626386834.852948 
7571 , 1626386793.6384437 , 1626386834.9589355 
6358 , 1626386835.6039324 , 1626386835.8569057 
3206 , 1626386793.3560104 , 1626386835.9624302 
6358 , 1626386836.6055076 , 1626386836.860147 
7571 , 1626386794.642243 , 1626386836.9649322 
6358 , 1626386837.6069152 , 1626386837.8677285 
3206 , 1626386794.3576477 , 1626386837.9684477 
6358 , 1626386838.6094027 , 1626386838.8718946 
7571 , 1626386795.6438408 , 1626386838.973039 
6358 , 1626386839.6143398 , 1626386839.876288 
6358 , 1626386840.6156785 , 1626386840.8814273 
6358 , 1626386841.617272 , 1626386841.885159 
6358 , 1626386842.6184604 , 1626386842.8886945 
6358 , 1626386843.6208556 , 1626386843.89323 
6358 , 1626386844.622379 , 1626386844.8980274 
6358 , 1626386845.6240842 , 1626386845.9062836 
6358 , 1626386846.6246977 , 1626386846.9110792 
6358 , 1626386847.626002 , 1626386847.9146469 
6358 , 1626386848.626879 , 1626386848.9205348 
6358 , 1626386849.6281967 , 1626386849.9225087 
6358 , 1626386850.6300297 , 1626386850.9308388 
6358 , 1626386851.6313221 , 1626386851.9349704 
6358 , 1626386852.6332376 , 1626386852.9372902 
6358 , 1626386853.634378 , 1626386853.9485896 
6358 , 1626386854.6352332 , 1626386854.9535112 
6358 , 1626386855.6365814 , 1626386855.955638 
6358 , 1626386856.6382644 , 1626386856.9588943 
6358 , 1626386857.6397538 , 1626386857.963264 
6358 , 1626386858.6415842 , 1626386858.9760616 
6358 , 1626386859.6426117 , 1626386859.9810913 
6358 , 1626386860.6439662 , 1626386860.985506 
6358 , 1626386861.6454148 , 1626386861.9893236 
6358 , 1626386862.6466107 , 1626386862.991543 
6358 , 1626386863.6519701 , 1626386863.9971912 
6358 , 1626386864.6547422 , 1626386865.0017238 
6358 , 1626386865.656916 , 1626386866.0032856 
6358 , 1626386866.6585689 , 1626386867.006641 
6358 , 1626386867.6600676 , 1626386868.0139725 
6358 , 1626386868.6615734 , 1626386869.022183 
6358 , 1626386869.6635702 , 1626386870.0265918 
3960 , 1626387192.2543526 , 1626387179.6016965 
3960 , 1626387193.2557404 , 1626387193.1212628 
3960 , 1626387193.2557404 , 1626387193.2604277 
3960 , 1626387194.257428 , 1626387194.2602806 
3960 , 1626387194.257428 , 1626387194.2625806 
3960 , 1626387195.2586713 , 1626387195.2647312 
3960 , 1626387195.2586713 , 1626387195.2649236 
3960 , 1626387196.2604134 , 1626387196.267129 
3960 , 1626387196.2604134 , 1626387196.2693033 
3960 , 1626387197.26167 , 1626387197.2721436 
3960 , 1626387197.26167 , 1626387197.2716937 
3960 , 1626387198.2632437 , 1626387198.2934597 
3960 , 1626387198.2632437 , 1626387198.2886589 
3960 , 1626387199.2647452 , 1626387199.2973914 
3960 , 1626387199.2647452 , 1626387199.3008094 
3960 , 1626387200.2661808 , 1626387200.30739 
3960 , 1626387200.2661808 , 1626387200.309899 
3960 , 1626387201.2678318 , 1626387201.3123336 
3960 , 1626387202.2695894 , 1626387202.3148372 
3960 , 1626387203.271203 , 1626387203.319417 
3960 , 1626387204.2726176 , 1626387204.326715 
3960 , 1626387205.273998 , 1626387205.330301 
3960 , 1626387206.2754123 , 1626387206.3336658 
3960 , 1626387207.277157 , 1626387207.336129 
3960 , 1626387208.2785354 , 1626387208.3385522 
3960 , 1626387209.2798994 , 1626387209.341763 
3960 , 1626387210.28095 , 1626387210.3460422 
3960 , 1626387211.282371 , 1626387211.3496504 
3960 , 1626387212.2839503 , 1626387212.3573344 
3960 , 1626387213.285284 , 1626387213.363955 
3960 , 1626387214.2866628 , 1626387214.3678055 
3960 , 1626387215.28803 , 1626387215.3721485 
3960 , 1626387216.28894 , 1626387216.3764741 
3960 , 1626387217.2905128 , 1626387217.3782349 
3960 , 1626387218.2914484 , 1626387218.3820374 
3960 , 1626387219.2932317 , 1626387219.3857296 
3960 , 1626387220.2948322 , 1626387220.3893635 
3960 , 1626387221.2958834 , 1626387221.3934808 
3960 , 1626387222.29749 , 1626387222.3962452 
3960 , 1626387223.2984297 , 1626387223.4010146 
3960 , 1626387224.2998433 , 1626387224.4029984 
3960 , 1626387225.3020186 , 1626387225.4061284 
3960 , 1626387226.3039258 , 1626387226.4096537 
3960 , 1626387227.3053637 , 1626387227.4130654 
3960 , 1626387228.3061106 , 1626387228.4202218 
3960 , 1626387229.307748 , 1626387229.4259627 
3960 , 1626387230.3096652 , 1626387230.4307783 
3960 , 1626387231.3114452 , 1626387231.4335127 
